0812.4333 2
0812.4335 3
0812.4337 0
0812.4339 0
0812.4340 0
0812.4340 0
0812.4340 0
0812.4340 0
0812.4340 0
0812.4340 1
0812.4340 0
0812.4343 0
0812.4344 0
0812.4345 0
0812.4347 0
0812.4348 0
0812.4349 1
0812.4350 1
0812.4352 3
0812.4353 0
0812.4355 0
0812.4356 0
0812.4357 1
0812.4359 2
0812.4360 0
0812.4361 6
0812.4362 0
0812.4365 0
0812.4366 1
0812.4368 0
0812.4369 0
0812.4370 1
0812.4371 0
0812.4372 0
0812.4373 0
0812.4374 0
0812.4375 2
0812.4376 1
0812.4377 0
0812.4380 0
0812.4381 2
0812.4382 0
0812.4384 0
0812.4385 2
0812.4386 0
0812.4387 0
0812.4388 3
0812.4389 2
0812.4390 0
0812.4391 0
0812.4392 1
0812.4394 0
0812.4395 0
0812.4396 0
0812.4399 0
0812.4400 0
0812.4401 0
0812.4402 3
0812.4403 0
0812.4404 0
0812.4405 0
0812.4406 0
0812.4407 0
0812.4408 0
0812.4409 0
0812.4410 0
0812.4411 2
0812.4412 0
0812.4413 0
0812.4415 1
0812.4416 1
0812.4417 0
0812.4418 2
0812.4419 0
0812.4420 1
0812.4422 1
0812.4425 0
0812.4426 0
0812.4428 4
0812.4429 2
0812.4429 0
0812.4430 0
0812.4431 0
0812.4432 0
0812.4433 0
0812.4435 0
0812.4437 0
0812.4439 0
0812.4441 1
0812.4443 0
0812.4444 0
0812.4446 17
0812.4447 0
0812.4448 3
0812.4449 0
0812.4451 0
0812.4452 0
0812.4454 1
0812.4455 2
0812.4456 0
0812.4456 1
0812.4456 1
0812.4456 4
0812.4456 0
0812.4456 24
0812.4457 1
0812.4458 0
0812.4458 0
0812.4458 0
0812.4458 4
0812.4458 0
0812.4460 0
0812.4461 0
0812.4461 0
0812.4461 2
0812.4461 0
0812.4461 0
0812.4461 0
0812.4462 0
0812.4464 0
0812.4465 0
0812.4466 0
0812.4469 0
0812.4469 4
0812.4469 0
0812.4471 0
0812.4472 0
0812.4473 1
0812.4474 0
0812.4476 0
0812.4481 2
0812.4483 0
0812.4484 0
0812.4486 1
0812.4488 1
0812.4489 0
0812.4490 0
0812.4491 0
0812.4493 0
0812.4494 0
0812.4494 0
0812.4494 0
0812.4494 0
0812.4494 0
0812.4494 0
0812.4494 0
0812.4494 0
0812.4494 0
0812.4494 2
0812.4494 4
0812.4494 3
0812.4494 2
0812.4494 6
0812.4494 2
0812.4494 0
0812.4494 0
0812.4496 0
0812.4497 0
0812.4499 5
0812.4501 0
0812.4502 0
0812.4503 0
0812.4504 0
0812.4505 2
0812.4506 3
0812.4509 0
0812.4512 0
0812.4513 3
0812.4517 0
0812.4519 0
0812.4521 0
0812.4522 0
0812.4524 0
0812.4526 0
0812.4527 0
0812.4528 3
0812.4529 1
0812.4529 0
0812.4530 0
0812.4532 1
0812.4533 0
0812.4534 0
0812.4536 0
0812.4537 0
0812.4538 0
0812.4539 2
0812.4540 3
0812.4541 0
0812.4543 0
0812.4543 0
0812.4543 0
0812.4543 0
0812.4543 0
0812.4543 0
0812.4543 0
0812.4543 0
0812.4543 0
0812.4543 0
0812.4543 0
0812.4543 0
0812.4543 0
0812.4543 0
0812.4547 0
0812.4547 1
0812.4548 4
0812.4549 0
0812.4551 1
0812.4552 0
0812.4553 0
0812.4554 0
0812.4555 1
0812.4556 0
0812.4557 0
0812.4558 1
0812.4559 0
0812.4562 0
0812.4563 2
0812.4566 0
0812.4572 9
0812.4574 0
0812.4575 0
0812.4576 1
0812.4577 0
0812.4578 0
0812.4579 0
0812.4582 1
0812.4585 0
0812.4586 0
0812.4589 0
0812.4590 0
0812.4591 0
0812.4592 0
0812.4593 0
0812.4594 0
0812.4596 0
0812.4597 0
0812.4598 1
0812.4600 1
0812.4601 0
0812.4602 0
0812.4603 0
0812.4604 0
0812.4605 0
0812.4608 0
0812.4609 1
0812.4611 0
0812.4612 0
0812.4613 0
0812.4615 0
0812.4617 0
0812.4619 1
0812.4620 0
0812.4620 0
0812.4620 0
0812.4620 0
0812.4620 0
0812.4620 7
0812.4620 0
0812.4620 0
0812.4620 0
0812.4620 0
0812.4620 0
0812.4620 0
0812.4620 0
0812.4620 0
0812.4620 0
0812.4620 0
0812.4620 0
0812.4620 0
0812.4621 0
0812.4623 0
0812.4624 2
0812.4625 0
0812.4627 1
0812.4631 0
0812.4632 0
0812.4633 0
0812.4634 0
0812.4635 3
0812.4638 0
0812.4639 0
0812.4641 0
0812.4642 0
0812.4645 0
0812.4649 1
0812.4650 0
0812.4651 0
0812.4652 0
0812.4654 0
0812.4654 0
0812.4655 0
0812.4655 1
0812.4657 2
0812.4659 0
0812.4661 0
0812.4662 0
0812.4663 0
0812.4663 0
0812.4664 0
0812.4666 0
0812.4669 0
0812.4670 0
0812.4673 0
0812.4674 0
0812.4675 0
0812.4676 0
0812.4677 3
0812.4681 3
0812.4682 1
0812.4683 1
0812.4686 0
0812.4687 0
0812.4689 0
0812.4691 1
0812.4692 0
0812.4696 0
0812.4698 0
0812.4699 0
0812.4700 0
0812.4703 0
0812.4704 0
0812.4705 0
0812.4708 0
0812.4709 0
0812.4709 0
0812.4712 0
0812.4714 1
0812.4717 0
0812.4718 0
0812.4721 0
0812.4722 1
0812.4723 0
0812.4724 0
0812.4725 0
0812.4726 0
0812.4727 0
0812.4727 0
0812.4727 0
0812.4727 0
0812.4727 0
0812.4727 0
0812.4727 0
0812.4727 0
0812.4727 0
0812.4728 2
0812.4732 1
0812.4733 1
0812.4734 0
0812.4735 0
0812.4738 0
0812.4739 0
0812.4740 0
0812.4741 0
0812.4744 0
0812.4744 1
0812.4744 0
0812.4744 1
0812.4744 1
0812.4744 1
0812.4744 1
0812.4744 0
0812.4744 0
0812.4744 0
0812.4744 0
0812.4744 1
0812.4744 0
0812.4744 2
0812.4744 4
0812.4744 0
0812.4744 0
0812.4745 0
0812.4747 0
0812.4748 0
0812.4749 0
0812.4750 0
0812.4751 0
0812.4754 0
0812.4758 2
0812.4759 0
0812.4760 0
0812.4760 0
0812.4760 0
0812.4760 0
0812.4762 0
0812.4762 0
0812.4762 0
0812.4763 0
0812.4763 0
0812.4763 0
0812.4763 0
0812.4763 0
0812.4763 0
0812.4763 0
0812.4763 0
0812.4763 0
0812.4763 0
0812.4763 0
0812.4763 0
0812.4763 0
0812.4763 0
0812.4763 0
0812.4763 0
0812.4763 0
0812.4763 0
0812.4763 0
0812.4763 0
0812.4763 0
0812.4763 0
0812.4763 0
0812.4763 0
0812.4763 0
0812.4763 0
0812.4763 0
0812.4763 0
0812.4763 0
0812.4763 0
0812.4763 0
0812.4763 0
0812.4763 0
0812.4763 0
0812.4763 0
0812.4763 0
0812.4763 0
0812.4763 0
0812.4763 0
0812.4763 0
0812.4763 0
0812.4763 0
0812.4763 0
0812.4763 0
0812.4763 0
0812.4763 0
0812.4766 2
0812.4767 0
0812.4768 0
0812.4771 0
0812.4773 1
0812.4774 0
0812.4775 0
0812.4777 0
0812.4777 0
0812.4778 0
0812.4779 0
0812.4780 0
0812.4781 0
0812.4782 2
0812.4787 0
0812.4791 4
0812.4794 0
0812.4795 0
0812.4802 2
0812.4803 0
0812.4803 0
0812.4804 8
0812.4805 0
0812.4809 0
0812.4810 0
0812.4812 1
0812.4813 1
0812.4814 0
0812.4814 0
0812.4816 0
0812.4817 4
0812.4819 0
0812.4820 0
0812.4821 0
0812.4823 0
0812.4824 0
0812.4826 0
0812.4827 0
0812.4830 3
0812.4833 0
0812.4834 0
0812.4834 0
0812.4835 0
0812.4836 0
0812.4837 0
0812.4839 0
0812.4839 0
0812.4840 0
0812.4843 0
0812.4844 0
0812.4846 0
0812.4848 1
0812.4848 3
0812.4848 0
0812.4848 0
0812.4848 0
0812.4848 1
0812.4848 0
0812.4848 0
0812.4848 0
0812.4849 0
0812.4851 0
0812.4856 0
0812.4857 0
0812.4857 0
0812.4858 0
0812.4858 0
0812.4859 0
0812.4859 1
0812.4860 0
0812.4862 0
0812.4863 0
0812.4863 0
0812.4864 0
0812.4864 0
0812.4867 1
0812.4868 1
0812.4870 5
0812.4871 0
0812.4873 0
0812.4874 0
0812.4874 0
0812.4874 0
0812.4874 0
0812.4874 0
0812.4874 0
0812.4874 0
0812.4874 0
0812.4875 1
0812.4876 0
0812.4877 0
0812.4878 0
0812.4879 1
0812.4880 0
0812.4884 0
0812.4886 0
0812.4888 2
0812.4889 0
0812.4890 0
0812.4892 0
0812.4893 0
0812.4894 0
0812.4895 0
0812.4898 0
0812.4899 0
0812.4900 1
0812.4901 0
0812.4902 0
0812.4904 1
0812.4905 4
0812.4908 0
0812.4909 0
0812.4909 0
0812.4910 0
0812.4911 0
0812.4915 3
0812.4917 0
0812.4919 0
0812.4920 0
0812.4920 0
0812.4922 0
0812.4923 0
0812.4924 3
0812.4925 0
0812.4926 0
0812.4933 0
0812.4935 0
0812.4937 0
0812.4939 0
0812.4943 1
0812.4944 0
0812.4945 0
0812.4946 0
0812.4947 0
0812.4948 0
0812.4950 0
0812.4951 0
0812.4952 0
0812.4955 0
0812.4956 1
0812.4957 0
0812.4959 0
0812.4960 0
0812.4963 0
0812.4963 0
0812.4967 1
0812.4968 0
0812.4968 0
0812.4968 0
0812.4968 0
0812.4968 0
0812.4968 1
0812.4970 0
0812.4975 1
0812.4976 2
0812.4978 1
0812.4981 0
0812.4983 0
0812.4984 0
0812.4985 0
0812.4987 1
0812.4989 0
0812.4991 0
0812.4992 0
0812.4993 0
0812.4996 0
0812.4996 2
0812.4997 0
0812.4999 0
0812.5004 0
0812.5006 1
0812.5008 0
0812.5009 0
0812.5010 0
0812.5011 2
0812.5013 0
0812.5021 0
0812.5028 0
0812.5030 0
0812.5030 0
0812.5030 0
0812.5031 3
0812.5034 0
0812.5035 2
0812.5036 0
0812.5036 0
0812.5038 1
0812.5039 0
0812.5040 0
0812.5043 0
0812.5044 0
0812.5044 0
0812.5045 0
0812.5045 0
0812.5045 0
0812.5045 0
0812.5045 0
0812.5045 0
0812.5045 0
0812.5045 0
0812.5045 0
0812.5045 0
0812.5045 0
0812.5045 0
0812.5045 0
0812.5045 0
0812.5045 0
0812.5045 0
0812.5045 0
0812.5045 0
0812.5045 0
0812.5045 0
0812.5046 1
0812.5048 0
0812.5052 2
0812.5054 0
0812.5056 0
0812.5057 0
0812.5058 2
0812.5059 0
0812.5060 0
0812.5060 0
0812.5061 2
0812.5064 3
0812.5065 0
0812.5066 2
0812.5067 0
0812.5070 0
0812.5071 0
0812.5072 0
0812.5073 5
0812.5076 0
0812.5077 0
0812.5078 0
0812.5079 0
0812.5081 4
0812.5083 1
0812.5084 14
0812.5087 0
0812.5088 0
0812.5090 0
0812.5091 0
0812.5094 5
0812.5095 2
0812.5096 0
0812.5097 0
0812.5098 0
0812.5101 0
0812.5102 0
0812.5103 0
0812.5104 0
0812.5104 0
0812.5104 1
0812.5104 1
0812.5104 0
0812.5104 1
0812.5104 0
0812.5104 0
0812.5104 0
0812.5104 0
0812.5104 0
0812.5104 0
0812.5104 0
0812.5104 0
0812.5104 0
0812.5104 0
0812.5104 0
0812.5104 0
0812.5104 5
0812.5104 0
0812.5104 0
0812.5104 0
0812.5104 0
0812.5105 0
0812.5106 3
0812.5107 0
0812.5108 0
0812.5110 0
0812.5111 0
0812.5112 0
0812.5115 0
